imageName longitude latitude altitude Omega Phi Kappa
frame0379.jpg 8.68170603 47.45020467 575.41324749 -3.66283360 2.57320391 138.33240239
frame0393.jpg 8.68170637 47.45020354 575.62400952 -5.75053078 -0.26687929 139.69287011
frame0407.jpg 8.68170737 47.45020317 575.77480268 -3.61615214 -1.29578829 139.53200521
frame0421.jpg 8.68170771 47.45020285 576.17294481 -5.05384682 -0.78511632 139.58754478
frame0435.jpg 8.68170735 47.45020317 576.91922885 -5.15023763 0.42852159 139.57119500
frame0449.jpg 8.68170653 47.45020357 577.59001280 -5.99310630 1.54512727 138.15669943
frame0463.jpg 8.68170561 47.45020421 578.18284876 -5.93474793 1.85219137 140.16696544
frame0477.jpg 8.68170466 47.45020489 578.76018119 -6.13687539 2.61704236 138.91997200
frame0491.jpg 8.68170411 47.45020541 579.30430355 -6.16695411 2.82576583 139.00049475
frame0505.jpg 8.68170432 47.45020591 579.86843898 -6.52740942 2.05023836 139.72038638
frame0519.jpg 8.68170510 47.45020657 580.36440335 -5.55597090 0.99666885 139.96571082
frame0533.jpg 8.68170530 47.45020704 580.86332285 -6.23181593 2.50403994 139.03906203
frame0547.jpg 8.68170545 47.45020747 581.38802001 -6.84397388 2.32864877 139.02558251
frame0561.jpg 8.68170582 47.45020778 581.93604450 -7.03534101 1.22046166 139.18834247
frame0575.jpg 8.68170608 47.45020816 582.47513179 -7.10340161 1.60897050 139.74440880
frame0589.jpg 8.68170620 47.45020878 583.10146496 -6.38768296 1.89915274 139.31606700
frame0603.jpg 8.68170571 47.45020844 583.45759833 -6.15787478 2.39791456 110.41976027
frame0617.jpg 8.68170545 47.45020673 583.60756532 -13.40819972 3.41419813 78.31111971
frame0631.jpg 8.68170372 47.45020764 584.00151269 -9.75145339 -1.13069688 82.39810164
frame0645.jpg 8.68169717 47.45020952 584.34657925 -10.73708312 -1.61522699 82.22977198
frame0659.jpg 8.68168751 47.45021178 584.50698194 -9.17215781 -0.87448120 82.24740639
frame0673.jpg 8.68167512 47.45021366 584.55370228 -8.30283431 1.12487069 81.16721137
frame0687.jpg 8.68166258 47.45021459 584.47365922 -8.82191585 0.50967789 80.94276165
frame0701.jpg 8.68165063 47.45021498 584.26698976 -8.02092524 0.91631310 82.39983715
frame0715.jpg 8.68163910 47.45021504 584.23713849 -8.68458435 2.04048130 82.71409470
frame0729.jpg 8.68162884 47.45021515 584.38093202 -9.39993043 2.44583391 81.63431851
frame0743.jpg 8.68161995 47.45021544 584.48377925 -10.20492143 2.21073477 82.08052592
frame0757.jpg 8.68161239 47.45021637 584.43003786 -9.40828941 0.82246542 81.25184355
frame0771.jpg 8.68160494 47.45021747 584.35066685 -8.84647074 1.15742747 81.72628898
frame0785.jpg 8.68159910 47.45021794 584.33507643 -8.08006445 3.36637091 96.40192228
frame0799.jpg 8.68159690 47.45021799 584.29753232 -8.07661520 5.28585980 138.81759910
frame0813.jpg 8.68159571 47.45021640 584.02515346 -0.28017586 -3.37976954 136.72258218
frame0827.jpg 8.68159158 47.45021045 583.74410361 -5.25882825 -1.07171375 134.64999866
frame0841.jpg 8.68158611 47.45020337 583.51111969 -5.86610466 -0.45740999 136.57041964
frame0855.jpg 8.68157947 47.45019613 583.42496637 -7.43969554 1.34403286 135.64332036
frame0869.jpg 8.68157347 47.45018931 583.44132847 -9.56279236 -0.26403979 137.64312894
frame0883.jpg 8.68156691 47.45018403 583.49855929 -8.46306022 0.83270200 136.49216492
frame0897.jpg 8.68156050 47.45017997 583.55855748 -7.77150918 1.46982082 135.92662814
frame0911.jpg 8.68155483 47.45017669 583.63320211 -6.69946099 0.30511352 136.22787244
frame0925.jpg 8.68154894 47.45017356 583.68613858 -5.95261071 1.46395262 136.06896754
frame0939.jpg 8.68154406 47.45016961 583.72116527 -7.62093350 -1.26111822 135.30205532
frame0953.jpg 8.68153856 47.45016552 583.79739236 -5.37989124 0.31385979 138.00357588
frame0969.jpg 8.68153147 47.45016053 583.92129884 -6.99754625 0.51269720 136.19087947
frame0983.jpg 8.68152561 47.45015625 584.02381410 -6.12630883 -0.23570882 137.12012045
frame0997.jpg 8.68151985 47.45015188 584.19262720 -5.88424204 -0.45606127 136.59171642
frame1011.jpg 8.68151379 47.45014723 584.30580588 -6.48507174 0.13221259 136.46738055
frame1025.jpg 8.68150751 47.45014256 584.32805547 -6.05972328 0.87025727 135.52954575
frame1039.jpg 8.68150140 47.45013786 584.31432112 -5.46348630 0.48349481 136.53331112
frame1053.jpg 8.68149527 47.45013317 584.24089224 -5.45317883 0.13581581 136.16831929
frame1067.jpg 8.68148918 47.45012842 584.14563398 -5.08681727 0.70402871 136.74981555
frame1081.jpg 8.68148350 47.45012349 584.06080519 -5.58054555 -0.03295538 136.15153282
frame1095.jpg 8.68147813 47.45011819 583.99568592 -7.28994195 -0.97846873 137.62694260
frame1109.jpg 8.68147258 47.45011344 584.07800608 -6.01353721 -0.94071897 136.71964925
frame1123.jpg 8.68146663 47.45010896 584.37187914 -5.74741758 -0.65788825 136.51673199
frame1137.jpg 8.68146058 47.45010479 584.62130112 -5.66974786 -0.78095181 135.99797355
frame1151.jpg 8.68145477 47.45010055 584.74066615 -4.80036826 -0.79263083 135.77102705
frame1165.jpg 8.68144929 47.45009588 584.77703175 -6.73040023 -2.62774139 138.07312559
frame1179.jpg 8.68144311 47.45009150 584.73787391 -4.77592435 -2.05500757 136.07835977
frame1193.jpg 8.68143613 47.45008689 584.75547871 -5.07799267 0.37278065 136.68214002
frame1207.jpg 8.68142964 47.45008213 584.84714488 -4.61949311 -0.65114348 135.72880077
frame1223.jpg 8.68142247 47.45007647 584.94695533 -5.56397045 -0.31674839 137.72907895
frame1237.jpg 8.68141625 47.45007159 585.03045382 -6.89802120 -0.75997795 136.76756402
frame1255.jpg 8.68140837 47.45006559 585.03332196 -5.69701236 -0.37551387 135.70207283
frame1269.jpg 8.68140236 47.45006062 585.00691690 -6.21237370 -0.29498063 137.60271086
frame1283.jpg 8.68139601 47.45005581 584.95950377 -5.49316602 0.32485684 137.68797051
frame1297.jpg 8.68138928 47.45005111 584.91023631 -4.89744034 1.27676064 136.11496607
frame1311.jpg 8.68138307 47.45004604 584.75720443 -5.99100528 0.28415004 135.28662862
frame1325.jpg 8.68137706 47.45004108 584.54826212 -4.76970382 0.74855215 136.34446035
frame1339.jpg 8.68137122 47.45003617 584.39224474 -5.09614489 1.04202322 136.98313366
frame1353.jpg 8.68136515 47.45003125 584.32742247 -6.24061839 1.33438161 137.16352719
frame1367.jpg 8.68135925 47.45002649 584.31838450 -6.26558394 0.80539663 136.47094751
frame1381.jpg 8.68135348 47.45002191 584.32208248 -6.72218169 0.38599092 136.75125110
frame1395.jpg 8.68134756 47.45001752 584.31667112 -6.25180302 0.48583013 137.61640974
frame1409.jpg 8.68134150 47.45001314 584.32969824 -6.51073171 0.11758866 137.41128611
frame1423.jpg 8.68133520 47.45000890 584.30541241 -5.51390025 0.10835344 136.71505122
frame1437.jpg 8.68132887 47.45000457 584.25925209 -5.50538075 -0.54140084 136.08244809
frame1453.jpg 8.68132220 47.44999940 584.37987507 -6.78997573 -1.45461090 135.45251657
frame1467.jpg 8.68131697 47.44999470 584.37541791 -6.33864952 -2.17989867 138.15492340
frame1481.jpg 8.68131117 47.44999017 584.46025745 -7.09363931 -1.87294002 137.85511825
frame1495.jpg 8.68130431 47.44998585 584.81970039 -6.41438524 0.34511410 135.99731083
frame1509.jpg 8.68129804 47.44998188 585.01503118 -8.37143556 6.60396180 130.59038407
frame1523.jpg 8.68129647 47.44997993 585.15194285 -9.96411731 5.14277067 77.67864291
frame1537.jpg 8.68129923 47.44997917 585.24335800 -18.66128429 4.76048712 41.88305938
frame1551.jpg 8.68130275 47.44998316 584.93719319 -13.40977484 -1.72443858 47.02089695
frame1565.jpg 8.68130134 47.44999072 584.40462213 -9.02894575 -3.39239408 47.60387252
frame1579.jpg 8.68129508 47.44999851 583.95322866 -9.42939678 -0.06355877 46.16569753
frame1597.jpg 8.68128399 47.45000756 583.39662916 -7.45721084 -0.44763654 47.22149764
frame1611.jpg 8.68127378 47.45001281 583.17391901 -8.81410659 1.00155050 46.87203022
frame1625.jpg 8.68126370 47.45001737 583.25262064 -9.58598813 3.14255730 45.97516225
frame1639.jpg 8.68125537 47.45002184 583.62714689 -10.65110947 2.42360174 45.99816016
frame1653.jpg 8.68124818 47.45002635 583.96591026 -8.49037254 3.53412935 46.53926489
frame1669.jpg 8.68124336 47.45002931 584.17605341 -5.69894032 7.20952297 19.10022123
frame1683.jpg 8.68124481 47.45002967 584.23496136 -4.43510152 2.74439463 -41.04280941
frame1697.jpg 8.68124972 47.45002643 584.22951247 -13.91626298 7.84860764 -45.90382488
frame1711.jpg 8.68125945 47.45002564 584.23632551 -9.75021349 2.91273026 -42.51165183
frame1725.jpg 8.68126903 47.45002709 584.32513006 -11.89874515 3.18010689 -43.39667951
frame1739.jpg 8.68127776 47.45003117 584.39332996 -10.81875359 2.51497673 -43.46103082
frame1753.jpg 8.68128531 47.45003741 584.48223960 -8.80742652 2.27277353 -43.68499667
frame1767.jpg 8.68129137 47.45004448 584.50139121 -7.43800471 1.80620704 -44.65677319
frame1781.jpg 8.68129690 47.45005110 584.50157417 -7.56773275 1.28156988 -42.80378036
frame1795.jpg 8.68130236 47.45005733 584.53242998 -7.01234220 1.10552295 -42.36365180
frame1809.jpg 8.68130751 47.45006274 584.48670611 -7.99634586 2.35848216 -43.22171044
frame1823.jpg 8.68131251 47.45006718 584.38641906 -8.20928112 2.34759123 -42.86670563
frame1837.jpg 8.68131679 47.45007105 584.29820443 -8.47836779 4.36396124 -44.00272407
frame1851.jpg 8.68132134 47.45007499 584.25003956 -8.14327350 3.74461484 -43.75562335
frame1865.jpg 8.68132669 47.45007887 584.22253705 -9.57930956 3.39644504 -42.81493403
frame1879.jpg 8.68133291 47.45008331 584.22332194 -8.44015649 2.97222130 -43.24120894
frame1893.jpg 8.68133958 47.45008803 584.18556494 -8.78637664 2.20434375 -43.55681320
frame1907.jpg 8.68134640 47.45009282 584.13790197 -8.23846328 1.39438892 -42.94739295
frame1921.jpg 8.68135251 47.45009734 584.09527304 -10.11501184 2.99085224 -43.52936428
frame1935.jpg 8.68135866 47.45010143 584.02742903 -11.09115956 1.14846253 -42.51981217
frame1949.jpg 8.68136415 47.45010592 583.94154167 -10.22707263 3.34358971 -43.32510719
frame1963.jpg 8.68136967 47.45011070 583.85075394 -9.70187123 3.51560722 -42.81141213
frame1977.jpg 8.68137598 47.45011535 583.81529783 -9.99237101 2.02579576 -43.12821382
frame1991.jpg 8.68138227 47.45012015 583.82890603 -10.29353204 2.19244089 -43.06295477
frame2005.jpg 8.68138865 47.45012541 583.85463810 -8.71110997 2.23136993 -43.24883752
frame2019.jpg 8.68139624 47.45013064 583.86323641 -9.32568728 0.26434943 -42.55189701
frame2033.jpg 8.68140271 47.45013514 583.85409907 -9.34031095 -0.44803493 -43.29827120
frame2047.jpg 8.68140859 47.45013931 583.77354922 -8.89723397 1.14756552 -41.82452961
frame2061.jpg 8.68141414 47.45014354 583.72391655 -10.34076213 0.18201386 -43.09014661
frame2075.jpg 8.68142025 47.45014818 583.72109741 -11.38608075 0.25087933 -42.32143598
frame2089.jpg 8.68142528 47.45015304 583.59056809 -9.93993083 3.10605484 -43.76756149
frame2103.jpg 8.68142973 47.45015774 583.51506728 -9.51948736 4.08439079 -43.70624989
frame2117.jpg 8.68143489 47.45016236 583.55844154 -9.72803912 3.52512596 -42.51165999
frame2133.jpg 8.68144151 47.45016757 583.61188488 -9.97795913 3.90206789 -42.37516200
frame2147.jpg 8.68144785 47.45017239 583.57870583 -8.21222748 4.02495395 -42.70762648
frame2161.jpg 8.68145474 47.45017755 583.51073981 -7.13105781 2.23666573 -44.23079601
frame2175.jpg 8.68146220 47.45018208 583.47302991 -9.12170234 1.33776428 -41.94856855
frame2189.jpg 8.68146898 47.45018644 583.58521846 -10.00272602 3.09024209 -42.90286612
frame2203.jpg 8.68147597 47.45019107 583.68069820 -8.64172116 2.01688744 -42.37765125
frame2217.jpg 8.68148326 47.45019535 583.60581210 -9.88123777 1.53670338 -41.74051751
frame2231.jpg 8.68148982 47.45019962 583.46945110 -9.98360535 1.05771374 -42.94754908
frame2245.jpg 8.68149555 47.45020438 583.33161586 -8.31082760 2.25108561 -42.76654513
frame2261.jpg 8.68150186 47.45020984 583.18677990 -8.43526604 2.72248349 -42.39911145
frame2275.jpg 8.68150703 47.45021481 583.12078470 -7.14006276 2.77734321 -42.98092522
frame2289.jpg 8.68151307 47.45021948 583.20216392 -8.41117282 1.11083745 -41.57411079
frame2303.jpg 8.68151880 47.45022461 583.41550599 -4.67257184 2.10071935 -44.16912728
frame2317.jpg 8.68152515 47.45022826 583.54272716 -6.70495334 -0.75809619 -42.96700493
frame2331.jpg 8.68153086 47.45023130 583.59759924 -7.97448573 -0.50445410 -42.23003535
frame2345.jpg 8.68153530 47.45023447 583.58237416 -8.13836635 0.80235010 -40.80568120
frame2359.jpg 8.68153864 47.45023809 583.42952141 -5.58184827 2.36739264 -44.31359073
frame2373.jpg 8.68154263 47.45024132 583.40325663 -7.50936075 2.12824867 -43.05331658
frame2387.jpg 8.68154695 47.45024508 583.42718804 -7.15894208 3.60157561 -42.27917741
frame2401.jpg 8.68155139 47.45024813 583.35338508 -3.17250371 -2.78801872 -42.16502276
frame2415.jpg 8.68155220 47.45024856 582.94060919 -5.25670751 0.24036767 -41.63449370
frame2431.jpg 8.68155240 47.45024731 582.28100489 -7.01517990 -2.11821712 -41.52938447
frame2445.jpg 8.68154899 47.45024676 582.01253669 -6.33300271 2.14424657 -43.16312907
frame2459.jpg 8.68154506 47.45024620 581.97589009 -7.12716772 1.47437961 -40.80052744
frame2473.jpg 8.68154094 47.45024589 581.95064211 -8.02781179 1.87861686 -22.26401530
frame2487.jpg 8.68153632 47.45024628 581.94788697 -7.49515477 2.74853555 11.79377709
frame2501.jpg 8.68153223 47.45024766 581.90550287 -8.58859805 3.42150256 40.31874286
frame2515.jpg 8.68152856 47.45024928 581.65747938 -3.66971487 8.33643528 68.70961452
frame2529.jpg 8.68153064 47.45024927 581.43888971 -5.49959955 11.65511274 80.51447158
frame2543.jpg 8.68154072 47.45024892 581.37402957 -9.97985778 -7.75707538 101.27708224
frame2557.jpg 8.68154225 47.45025107 581.49395767 0.44825390 5.19468531 125.93596721
frame2571.jpg 8.68154444 47.45024925 581.71928096 -6.12436907 0.51461825 136.96330677
frame2585.jpg 8.68154546 47.45024692 581.85054008 -10.80716860 -3.02967875 146.13157772
frame2599.jpg 8.68154481 47.45024578 581.78038950 -3.66049528 5.39536121 157.97743807
frame2613.jpg 8.68154706 47.45024287 581.90472741 -10.38789322 -3.63295944 170.20277158
frame2627.jpg 8.68154429 47.45024174 581.75037899 -5.43104573 0.25958693 179.60903949
frame2641.jpg 8.68154029 47.45024038 581.74703925 -6.67226845 1.57868493 176.39305148
frame2655.jpg 8.68153675 47.45023914 581.79915599 -5.21648908 3.62569682 169.93476481
frame2669.jpg 8.68153475 47.45023717 581.82015948 -4.95697250 3.73882573 158.19639930
frame2683.jpg 8.68153489 47.45023420 581.75787891 -6.84319670 1.56117555 151.87722235
frame2697.jpg 8.68153515 47.45023112 581.43992829 -8.50958350 0.77259391 153.29380220
frame2711.jpg 8.68153611 47.45022960 581.13446366 -11.04417080 5.59935264 152.76695691
frame2725.jpg 8.68154471 47.45023006 580.87233475 -2.70372844 7.50526678 151.35294461
frame2739.jpg 8.68156044 47.45022826 580.77397362 -2.93080697 5.16388103 152.00425018
frame2753.jpg 8.68157711 47.45022447 580.56975483 -6.24542968 -1.10440481 151.56843830
frame2767.jpg 8.68158945 47.45022115 580.10686390 -4.19505648 1.68698165 152.69575428
frame2781.jpg 8.68160121 47.45021710 579.66360669 -5.58293349 1.47573418 152.06784759
frame2795.jpg 8.68161352 47.45021227 579.55898834 -9.36870806 -6.11163857 152.72995878
frame2809.jpg 8.68162035 47.45020989 579.30048795 -1.86262332 7.50856294 153.21214528
frame2823.jpg 8.68162928 47.45020681 579.06432772 -5.57772066 1.97323912 156.49482430
frame2837.jpg 8.68163760 47.45020349 578.90391831 -4.62615111 4.34689982 158.32006707
frame2851.jpg 8.68164601 47.45019992 578.75584932 -5.57466179 2.29432742 159.57362117
frame2865.jpg 8.68165365 47.45019637 578.56357734 -7.33897423 4.44700733 160.35431422
frame2879.jpg 8.68166167 47.45019387 578.39783938 -6.37073903 2.88024490 162.24961780
frame2893.jpg 8.68166884 47.45019239 578.28989908 -5.88456508 1.90071561 165.26527063
frame2907.jpg 8.68167394 47.45019115 578.19376587 -7.46089830 2.86282019 167.06919849
frame2921.jpg 8.68167947 47.45019112 578.02017511 -6.60752807 6.34802698 167.28286565
frame2935.jpg 8.68168645 47.45019178 577.92515912 -4.65781299 -3.30056227 165.57066412
frame2949.jpg 8.68168802 47.45019168 577.79847128 -9.01625108 2.90652042 155.02413622
frame2963.jpg 8.68168961 47.45019349 577.73899611 -8.48533444 3.43444413 149.32692487
frame2977.jpg 8.68169214 47.45019629 577.53152394 -2.47528089 0.19110057 145.79917933
frame2991.jpg 8.68169400 47.45019773 577.20095725 -7.29551525 2.07586972 144.39268549
frame3005.jpg 8.68169684 47.45020050 576.88896178 -6.63997460 1.81326416 144.62901996
frame3019.jpg 8.68170019 47.45020422 576.63428794 -5.13441815 1.10057287 144.86387309
frame3033.jpg 8.68170356 47.45020793 576.45637476 -3.33664177 -0.45480860 144.46394504
frame3047.jpg 8.68170677 47.45021052 576.31966133 -3.84698518 1.46290230 144.90747376
frame3061.jpg 8.68171064 47.45021204 576.20417466 0.08562152 -3.62715876 143.42776443
frame3075.jpg 8.68171215 47.45021136 576.00711590 -0.56986217 -2.96738000 144.92572538
frame3091.jpg 8.68171193 47.45020896 575.92843939 -6.56574766 0.91196020 145.01405557
frame3105.jpg 8.68171302 47.45020804 575.91594523 -7.37108561 -2.94755967 144.61712352
frame3119.jpg 8.68171262 47.45020876 575.83606226 -4.97240003 -0.29190961 143.33850711
